1708
1710
1714
1716
1717
1718
1719
1720
1721
1723
17305
1730
1732
17337
1733
1734
1736
17389
1738
1741
1742
1743
1746
1751
1752
1753
1754
1755
1756
1759
176981
1770
1773
1774
1775
17770
1777
17894
17927
180368
18594
189941
19568
19780
198631
198913
19995
19
21006
21725
21978
21
220585
22602
22955
233824
24003
24904
25085
252854
255534
26921
27758
28444
29363
29482
29855
30358
31275
31579
32322
324176
337964
348922
353880
3796
3798
379975
3799
3810
3813
3814
3834
3835
3839
3841
3843
3854
3859
3871
3877
3878
3916
3920
3934
3942
3952
3955
3959
3964
