1084988
1091588
1100686
1100687
1100688
1100689
11014
1003823
10235
1027
1036
10383
1038
10397
10437
10679
10695
10808
10816
11104
11123
11333
113
11634
117648
12057
12095
12190
12286
122
123332
12472
128
129761
13070
13190
13276
13382
13577
13782
13906
14139
14153
143739
1445
14720
14906
15045
150626
15172
15277
15339
15564
15868
15954
16094
1616
1621
16250
1625
1628
1638
1643
1644
1645
1646
1647
1649
1651
1654
16598
1659
1662
1663
1664
1665
1666
1667
16689
1669
1670
1671
1673
1674
1676
1677
1678
1679
1680
1681
1684
1685
1687
1688
1693
1695
1697
1698
17015
1702
