1084988
1091588
1100686
1100687
1100688
1100689
11014
1003823
10235
1027
1036
10383
1038
10397
10437
10679
10695
10808
10816
11104
11123
11333
113
11634
117648
12057
12095
12190
12286
122
123332
12472
128
129761
13070
13190
13276
13382
13577
13782
13906
14139
14153
143739
1445
14720
14906
15045
150626
15172
15277
15339
15564
15868
15954
16094
1616
1621
16250
1625
1628
1638
1643
1644
1645
1646
1647
1649
1651
1654
16598
1659
1662
1663
1664
1665
1666
1667
16689
1669
1670
1671
1673
1674
1676
1677
1678
1679
1680
1681
1684
1685
1687
1688
1693
1695
1697
1698
17015
1702
1708
1710
1714
1716
1717
1718
1719
1720
1721
1723
17305
1730
1732
17337
1733
1734
1736
17389
1738
1741
1742
1743
1746
1751
1752
1753
1754
1755
1756
1759
176981
1770
1773
1774
1775
17770
1777
17894
17927
180368
18594
189941
19568
19780
198631
198913
19995
19
21006
21725
21978
21
220585
22602
22955
233824
24003
24904
25085
252854
255534
26921
27758
28444
29363
29482
29855
30358
31275
31579
32322
324176
337964
348922
353880
3796
3798
379975
3799
3810
3813
3814
3834
3835
3839
3841
3843
3854
3859
3871
3877
3878
3916
3920
3934
3942
3952
3955
3959
3964
3965
3968
3978
3987
3993
4004
4018
4026
4036
4046
4057
4064
4085
4094
4102
4106
4115
4136
4137
4145
4150
4155
4158
4161
4166
4168
4172
4175
4182
4184
4190
4191
4195
4202
4231
4234
4236
4242
4252
4255
42804
4291
4295
4305
4325
4328
4342
4345
4364
4376
4400
4434
4474
44868
4486
4508
4520
454187
4559
4562
4598
4604
4608
4637
4667
4684
4695
4700
4711
4726
4736
4747
4754
4758
4777
47827
4791
4821
4835
4840
4845
4853
4878
4885
492
493
4947
4975
4994
5030
5055
5094
5125
51306
5153
5154
5160
5179
5186
5228
5230
5300
5310
5348
5350
5363
5372
5379
5382
5390
5395
5407
5411
5432
5502
5537
5547
5577
5608
5611
5613
5652
56690
5673
5708
5711
5716
5727
5752
5765
5794
5796
5851
5900
5914
5923
5941
597
5981
5984
599
603297
6041
6052
6129
61357
615955
620519
6276
6310
6378
6426
6506
65443
6621
6625
6650
6691
6702
6730
6815
6869
6910
6915
6948
6971
699
701
7038
7107
7108
7113
71389
7178
7208
7226
7250
7309
7328
7332
7368
7423
7432
745697
7478
7481
7569
7622
769306
7702
7743
776177
7782
784
791774
7926
7948
8013
8075
8093
809
8122
8253
8369
8461
84
856791
8666
872
87918
87
8945
9130
9157
916648
9204
92092
922563
9271
9541
9551
9564
9592
96359
9803
9994
9