3965
3968
3978
3987
3993
4004
4018
4026
4036
4046
4057
4064
4085
4094
4102
4106
4115
4136
4137
4145
4150
4155
4158
4161
4166
4168
4172
4175
4182
4184
4190
4191
4195
4202
4231
4234
4236
4242
4252
4255
42804
4291
4295
4305
4325
4328
4342
4345
4364
4376
4400
4434
4474
44868
4486
4508
4520
454187
4559
4562
4598
4604
4608
4637
4667
4684
4695
4700
4711
4726
4736
4747
4754
4758
4777
47827
4791
4821
4835
4840
4845
4853
4878
4885
492
493
4947
4975
4994
5030
5055
5094
5125
51306
5153
5154
5160
5179
5186
5228
