5230
5300
5310
5348
5350
5363
5372
5379
5382
5390
5395
5407
5411
5432
5502
5537
5547
5577
5608
5611
5613
5652
56690
5673
5708
5711
5716
5727
5752
5765
5794
5796
5851
5900
5914
5923
5941
597
5981
5984
599
603297
6041
6052
6129
61357
615955
620519
6276
6310
6378
6426
6506
65443
6621
6625
6650
6691
6702
6730
6815
6869
6910
6915
6948
6971
699
701
7038
7107
7108
7113
71389
7178
7208
7226
7250
7309
7328
7332
7368
7423
7432
745697
7478
7481
7569
7622
769306
7702
7743
776177
7782
784
791774
7926
7948
8013
8075
8093
809
8122
8253
8369
8461
84
856791
8666
872
87918
87
8945
9130
9157
916648
9204
92092
922563
9271
9541
9551
9564
9592
96359
9803
9994
9
